929.227391741
1085.32850174
1172.36053174
1300.45549174
1428.55045174
1515.58248174
1644.62507174
1800.72618174
1915.75312174
2046.79361174
2147.84129174
2244.89405174
2375.93454174
2475.00295174
2588.08701174
2645.10847174
2758.19253174
2886.28749174
3014.34607174
3111.39883174
3248.45774174
3361.54180174
3490.58439174
3561.62150174
3689.71646174
3836.78487174
3937.83255174
4050.91661174
4164.95954174
4279.00247174
4350.03958174
4463.12364174
4626.18697174
4739.27103174
4838.33944174
4939.38712174
5076.44603174
5205.48862174
5318.57268174
5421.58187174
5549.64045174
5663.68338174
5791.77834174
5977.85765174
6163.93696174
6291.99554174
6420.09050174
6533.17456174
6689.27567174
6836.34408174
6923.37611174
7024.42379174
7152.48237174
7223.51948174
7324.56716174
7438.61009174
7551.69415174
7650.76256174
7721.79967174
7858.85858174
7987.90117174
8144.00228174
8215.03939174
8314.10780174
8445.14829174
8532.18032174
8679.24873174
8842.31206174
8998.41317174
9111.49723174
9239.55581174
9425.63512174
9496.67223174
9682.75154174
9795.83560174
9981.91491174
10096.9418517
10227.9823417
10414.0616517
10600.1409617
10786.2202717
10889.2294617
10976.2614917
11104.3200717
11175.3571817
